SalePrice,Pred_SalePrice,residual,residual_%
208500,208743,243,0.1165%
181500,175323,-6177,-3.4033%
223500,219085,-4415,-1.9754%
140000,153966,13966,9.9757%
250000,269536,19536,7.8144%
143000,149568,6568,4.593%
307000,295344,-11656,-3.7967%
200000,205424,5424,2.712%
129900,138050,8150,6.2741%
118000,120236,2236,1.8949%
129500,132571,3071,2.3714%
345000,347865,2865,0.8304%
144000,137769,-6231,-4.3271%
279500,262272,-17228,-6.1639%
157000,155464,-1536,-0.9783%
132000,130881,-1119,-0.8477%
149000,148489,-511,-0.343%
90000,100954,10954,12.1711%
159000,157435,-1565,-0.9843%
139000,135115,-3885,-2.795%
325300,323942,-1358,-0.4175%
139400,133020,-6380,-4.5768%
230000,236718,6718,2.9209%
129900,132821,2921,2.2487%
154000,148295,-5705,-3.7045%
256300,260732,4432,1.7292%
134800,133899,-901,-0.6684%
306000,305178,-822,-0.2686%
207500,200423,-7077,-3.4106%
68500,72883,4383,6.3985%
40000,63746,23746,59.365%
149350,145049,-4301,-2.8798%
179900,188366,8466,4.7059%
165500,167057,1557,0.9408%
277500,271295,-6205,-2.236%
309000,304997,-4003,-1.2955%
145000,149112,4112,2.8359%
153000,154619,1619,1.0582%
109000,119055,10055,9.2248%
82000,89862,7862,9.5878%
160000,159481,-519,-0.3244%
170000,163150,-6850,-4.0294%
144000,141144,-2856,-1.9833%
130250,128822,-1428,-1.0964%
141000,137927,-3073,-2.1794%
319900,296363,-23537,-7.3576%
239686,246384,6698,2.7945%
249700,248465,-1235,-0.4946%
113000,114995,1995,1.7655%
127000,127765,765,0.6024%
177000,176039,-961,-0.5429%
114500,118327,3827,3.3424%
110000,113307,3307,3.0064%
385000,358713,-26287,-6.8278%
130000,132658,2658,2.0446%
180500,173027,-7473,-4.1402%
172500,180815,8315,4.8203%
196500,198360,1860,0.9466%
438780,403231,-35549,-8.1018%
124900,123198,-1702,-1.3627%
158000,161286,3286,2.0797%
101000,104474,3474,3.4396%
202500,205633,3133,1.5472%
140000,146001,6001,4.2864%
219500,226898,7398,3.3704%
317000,307794,-9206,-2.9041%
180000,204563,24563,13.6461%
226000,219055,-6945,-3.073%
80000,85404,5404,6.755%
225000,217074,-7926,-3.5227%
244000,255538,11538,4.7287%
129500,128059,-1441,-1.1127%
185000,190100,5100,2.7568%
144900,144049,-851,-0.5873%
107400,113115,5715,5.3212%
91000,93266,2266,2.4901%
135750,125672,-10078,-7.4239%
127000,123017,-3983,-3.1362%
136500,135193,-1307,-0.9575%
110000,112500,2500,2.2727%
193500,193747,247,0.1276%
153500,162284,8784,5.7225%
245000,246991,1991,0.8127%
126500,131574,5074,4.0111%
168500,171490,2990,1.7745%
260000,264378,4378,1.6838%
174000,178413,4413,2.5362%
164500,167398,2898,1.7617%
85000,93380,8380,9.8588%
123600,122742,-858,-0.6942%
109900,104975,-4925,-4.4813%
98600,113049,14449,14.6542%
163500,150422,-13078,-7.9988%
133900,150946,17046,12.7304%
204750,208055,3305,1.6142%
185000,180680,-4320,-2.3351%
214000,216866,2866,1.3393%
94750,110416,15666,16.534%
83000,90250,7250,8.7349%
128950,128077,-873,-0.677%
205000,205207,207,0.101%
178000,178128,128,0.0719%
118964,121778,2814,2.3654%
198900,204542,5642,2.8366%
169500,165092,-4408,-2.6006%
250000,250345,345,0.138%
100000,102393,2393,2.393%
115000,108827,-6173,-5.3678%
115000,118883,3883,3.3765%
190000,197415,7415,3.9026%
136900,141955,5055,3.6925%
180000,176993,-3007,-1.6706%
383970,357200,-26770,-6.9719%
217000,215089,-1911,-0.8806%
259500,234470,-25030,-9.6455%
176000,174148,-1852,-1.0523%
139000,138700,-300,-0.2158%
155000,154936,-64,-0.0413%
320000,327588,7588,2.3713%
163990,169741,5751,3.5069%
180000,170517,-9483,-5.2683%
100000,100866,866,0.866%
136000,137512,1512,1.1118%
153900,160259,6359,4.1319%
181000,182056,1056,0.5834%
84500,89429,4929,5.8331%
128000,134180,6180,4.8281%
87000,92647,5647,6.4908%
155000,152997,-2003,-1.2923%
150000,147815,-2185,-1.4567%
226000,219310,-6690,-2.9602%
244000,231121,-12879,-5.2783%
150750,147758,-2992,-1.9847%
220000,213999,-6001,-2.7277%
180000,182612,2612,1.4511%
174000,175515,1515,0.8707%
143000,146604,3604,2.5203%
171000,205364,34364,20.0959%
230000,240572,10572,4.5965%
231500,218811,-12689,-5.4812%
115000,113130,-1870,-1.6261%
260000,256455,-3545,-1.3635%
166000,153189,-12811,-7.7175%
204000,207044,3044,1.4922%
125000,140988,15988,12.7904%
130000,135598,5598,4.3062%
105000,105906,906,0.8629%
222500,219722,-2778,-1.2485%
141000,142521,1521,1.0787%
115000,114107,-893,-0.7765%
122000,129128,7128,5.8426%
372402,357549,-14853,-3.9884%
190000,190793,793,0.4174%
235000,210212,-24788,-10.5481%
125000,126331,1331,1.0648%
79000,85302,6302,7.9772%
109500,108836,-664,-0.6064%
269500,272938,3438,1.2757%
254900,246023,-8877,-3.4825%
320000,307368,-12632,-3.9475%
162500,163768,1268,0.7803%
412500,392300,-20200,-4.897%
220000,227754,7754,3.5245%
103200,101460,-1740,-1.686%
152000,144535,-7465,-4.9112%
127500,125358,-2142,-1.68%
190000,188743,-1257,-0.6616%
325624,326480,856,0.2629%
183500,189611,6111,3.3302%
228000,233855,5855,2.568%
128500,131524,3024,2.3533%
215000,200058,-14942,-6.9498%
239000,219996,-19004,-7.9515%
163000,160209,-2791,-1.7123%
184000,198343,14343,7.7951%
243000,229821,-13179,-5.4235%
211000,217373,6373,3.0204%
172500,168189,-4311,-2.4991%
501837,468666,-33171,-6.6099%
100000,106226,6226,6.226%
177000,175009,-1991,-1.1249%
200100,187402,-12698,-6.3458%
120000,125260,5260,4.3833%
200000,206465,6465,3.2325%
127000,127133,133,0.1047%
475000,427721,-47279,-9.9535%
173000,177908,4908,2.837%
135000,136106,1106,0.8193%
153337,151606,-1731,-1.1289%
286000,273063,-12937,-4.5234%
315000,291372,-23628,-7.501%
184000,177666,-6334,-3.4424%
192000,193577,1577,0.8214%
130000,133886,3886,2.9892%
127000,123679,-3321,-2.615%
148500,149707,1207,0.8128%
311872,304734,-7138,-2.2888%
235000,249285,14285,6.0787%
104000,111627,7627,7.3337%
274900,281957,7057,2.5671%
140000,145174,5174,3.6957%
171500,170963,-537,-0.3131%
112000,114749,2749,2.4545%
149000,147480,-1520,-1.0201%
110000,111028,1028,0.9345%
180500,183899,3399,1.8831%
143900,147956,4056,2.8186%
141000,140405,-595,-0.422%
277000,260538,-16462,-5.943%
145000,146544,1544,1.0648%
98000,99502,1502,1.5327%
186000,183047,-2953,-1.5876%
252678,245239,-7439,-2.9441%
156000,151879,-4121,-2.6417%
161750,155430,-6320,-3.9073%
134450,139383,4933,3.669%
210000,209378,-622,-0.2962%
107000,106324,-676,-0.6318%
311500,272466,-39034,-12.531%
167240,172248,5008,2.9945%
204900,211417,6517,3.1806%
200000,209343,9343,4.6715%
179900,176194,-3706,-2.06%
97000,108275,11275,11.6237%
386250,387712,1462,0.3785%
112000,111840,-160,-0.1429%
290000,288531,-1469,-0.5066%
106000,101845,-4155,-3.9198%
125000,125658,658,0.5264%
192500,194730,2230,1.1584%
148000,143971,-4029,-2.7223%
403000,377734,-25266,-6.2695%
94500,97987,3487,3.6899%
128200,128374,174,0.1357%
216500,215788,-712,-0.3289%
89500,91204,1704,1.9039%
185500,189052,3552,1.9148%
194500,195251,751,0.3861%
318000,299570,-18430,-5.7956%
113000,121009,8009,7.0876%
262500,260808,-1692,-0.6446%
110500,106320,-4180,-3.7828%
79000,91579,12579,15.9228%
120000,125303,5303,4.4192%
205000,216473,11473,5.5966%
241500,236435,-5065,-2.0973%
137000,137951,951,0.6942%
140000,143290,3290,2.35%
180000,188053,8053,4.4739%
277000,257647,-19353,-6.9866%
76500,86482,9982,13.0484%
235000,254163,19163,8.1545%
173000,179148,6148,3.5538%
158000,156011,-1989,-1.2589%
145000,144224,-776,-0.5352%
230000,229320,-680,-0.2957%
207500,204930,-2570,-1.2386%
220000,230735,10735,4.8795%
231500,221576,-9924,-4.2868%
97000,101067,4067,4.1928%
176000,175732,-268,-0.1523%
276000,300519,24519,8.8837%
151000,153545,2545,1.6854%
130000,128653,-1347,-1.0362%
73000,84850,11850,16.2329%
175500,176451,951,0.5419%
185000,185437,437,0.2362%
179500,177149,-2351,-1.3097%
120500,117575,-2925,-2.4274%
148000,150080,2080,1.4054%
266000,266335,335,0.1259%
241500,223317,-18183,-7.5292%
290000,287764,-2236,-0.771%
139000,149211,10211,7.346%
124500,125267,767,0.6161%
205000,190567,-14433,-7.0405%
201000,207419,6419,3.1935%
141000,127487,-13513,-9.5837%
415298,398241,-17057,-4.1072%
192000,196357,4357,2.2693%
228500,222630,-5870,-2.5689%
185000,185048,48,0.0259%
207500,211394,3894,1.8766%
244600,248757,4157,1.6995%
179200,184301,5101,2.8465%
164700,165960,1260,0.765%
159000,163101,4101,2.5792%
88000,96932,8932,10.15%
122000,122047,47,0.0385%
153575,147560,-6015,-3.9167%
233230,242174,8944,3.8348%
135900,136735,835,0.6144%
131000,136555,5555,4.2405%
235000,234575,-425,-0.1809%
167000,167544,544,0.3257%
142500,143329,829,0.5818%
152000,145058,-6942,-4.5671%
239000,231573,-7427,-3.1075%
175000,172560,-2440,-1.3943%
158500,151167,-7333,-4.6265%
157000,154110,-2890,-1.8408%
267000,267804,804,0.3011%
205000,220814,15814,7.7141%
149900,141553,-8347,-5.5684%
295000,306114,11114,3.7675%
305900,311423,5523,1.8055%
225000,236555,11555,5.1356%
89500,97737,8237,9.2034%
82500,94342,11842,14.3539%
360000,350188,-9812,-2.7256%
165600,174352,8752,5.285%
132000,130936,-1064,-0.8061%
119900,122959,3059,2.5513%
375000,324531,-50469,-13.4584%
178000,170940,-7060,-3.9663%
188500,184379,-4121,-2.1862%
260000,250461,-9539,-3.6688%
270000,264240,-5760,-2.1333%
260000,276276,16276,6.26%
187500,193186,5686,3.0325%
342643,341851,-792,-0.2311%
354000,340692,-13308,-3.7593%
301000,284047,-16953,-5.6322%
126175,126120,-55,-0.0436%
242000,242854,854,0.3529%
87000,93206,6206,7.1333%
324000,304036,-19964,-6.1617%
145250,147667,2417,1.664%
214500,200141,-14359,-6.6942%
78000,85151,7151,9.1679%
119000,130542,11542,9.6992%
139000,137281,-1719,-1.2367%
284000,287469,3469,1.2215%
207000,199562,-7438,-3.5932%
192000,189164,-2836,-1.4771%
228950,222440,-6510,-2.8434%
377426,360881,-16545,-4.3836%
214000,215221,1221,0.5706%
202500,201682,-818,-0.404%
155000,152720,-2280,-1.471%
202900,209969,7069,3.484%
82000,87579,5579,6.8037%
87500,92247,4747,5.4251%
266000,265393,-607,-0.2282%
85000,90576,5576,6.56%
140200,136945,-3255,-2.3217%
151500,144101,-7399,-4.8838%
157500,169618,12118,7.694%
154000,163948,9948,6.4597%
437154,432482,-4672,-1.0687%
318061,307322,-10739,-3.3764%
190000,196865,6865,3.6132%
95000,97690,2690,2.8316%
105900,109205,3305,3.1209%
140000,141749,1749,1.2493%
177500,177138,-362,-0.2039%
173000,172993,-7,-0.004%
134000,137664,3664,2.7343%
130000,130247,247,0.19%
280000,269863,-10137,-3.6204%
156000,149325,-6675,-4.2788%
145000,138614,-6386,-4.4041%
198500,203028,4528,2.2811%
118000,112747,-5253,-4.4517%
190000,186873,-3127,-1.6458%
147000,138483,-8517,-5.7939%
159000,159527,527,0.3314%
165000,159982,-5018,-3.0412%
132000,136509,4509,3.4159%
162000,162496,496,0.3062%
172400,177776,5376,3.1183%
134432,144028,9596,7.1382%
125000,124750,-250,-0.2%
123000,126420,3420,2.7805%
219500,213624,-5876,-2.677%
61000,74189,13189,21.6213%
148000,144771,-3229,-2.1818%
340000,315138,-24862,-7.3124%
394432,382327,-12105,-3.069%
179000,184764,5764,3.2201%
127000,130696,3696,2.9102%
187750,192737,4987,2.6562%
213500,212357,-1143,-0.5354%
76000,84000,8000,10.5263%
240000,239990,-10,-0.0042%
192000,192535,535,0.2786%
81000,90201,9201,11.3593%
125000,133359,8359,6.6872%
191000,196218,5218,2.7319%
426000,405070,-20930,-4.9131%
119000,120229,1229,1.0328%
215000,215953,953,0.4433%
106500,107647,1147,1.077%
100000,99333,-667,-0.667%
109000,107861,-1139,-1.045%
129000,133987,4987,3.8659%
123000,126891,3891,3.1634%
169500,164664,-4836,-2.8531%
67000,79382,12382,18.4806%
241000,223163,-17837,-7.4012%
245500,230055,-15445,-6.2912%
164990,172537,7547,4.5742%
108000,107342,-658,-0.6093%
258000,259107,1107,0.4291%
168000,173551,5551,3.3042%
150000,166460,16460,10.9733%
115000,122237,7237,6.293%
177000,165981,-11019,-6.2254%
280000,282328,2328,0.8314%
339750,318072,-21678,-6.3806%
60000,84288,24288,40.48%
145000,141887,-3113,-2.1469%
222000,226995,4995,2.25%
115000,114202,-798,-0.6939%
228000,239021,11021,4.8338%
181134,183660,2526,1.3945%
149500,151623,2123,1.4201%
239000,236460,-2540,-1.0628%
126000,122580,-3420,-2.7143%
142000,137921,-4079,-2.8725%
206300,210497,4197,2.0344%
215000,210590,-4410,-2.0512%
113000,118851,5851,5.1779%
315000,317227,2227,0.707%
139000,140595,1595,1.1475%
135000,136831,1831,1.3563%
275000,257795,-17205,-6.2564%
109008,114395,5387,4.9418%
195400,195340,-60,-0.0307%
175000,179831,4831,2.7606%
85400,89317,3917,4.5867%
79900,93153,13253,16.587%
122500,123829,1329,1.0849%
181000,180328,-672,-0.3713%
81000,82792,1792,2.2123%
212000,206434,-5566,-2.6255%
116000,113702,-2298,-1.981%
119000,114274,-4726,-3.9714%
90350,97611,7261,8.0365%
110000,120626,10626,9.66%
555000,498675,-56325,-10.1486%
118000,124691,6691,5.6703%
162900,156293,-6607,-4.0559%
172500,182835,10335,5.9913%
210000,213275,3275,1.5595%
127500,141086,13586,10.6557%
190000,198742,8742,4.6011%
199900,206730,6830,3.4167%
119500,123682,4182,3.4996%
120000,115375,-4625,-3.8542%
110000,111834,1834,1.6673%
280000,253447,-26553,-9.4832%
204000,203673,-327,-0.1603%
210000,210836,836,0.3981%
188000,178310,-9690,-5.1543%
175500,169942,-5558,-3.167%
98000,105031,7031,7.1745%
256000,233362,-22638,-8.843%
161000,160929,-71,-0.0441%
110000,113472,3472,3.1564%
263435,257216,-6219,-2.3607%
155000,148540,-6460,-4.1677%
62383,89273,26890,43.1047%
188700,182239,-6461,-3.424%
124000,126917,2917,2.3524%
178740,184056,5316,2.9742%
167000,166744,-256,-0.1533%
146500,152607,6107,4.1686%
250000,252203,2203,0.8812%
187000,190501,3501,1.8722%
212000,214419,2419,1.141%
190000,191347,1347,0.7089%
148000,145677,-2323,-1.5696%
440000,416554,-23446,-5.3286%
251000,250521,-479,-0.1908%
132500,134938,2438,1.84%
208900,209764,864,0.4136%
380000,387507,7507,1.9755%
297000,303765,6765,2.2778%
89471,105270,15799,17.6582%
326000,331857,5857,1.7966%
374000,357038,-16962,-4.5353%
155000,157547,2547,1.6432%
164000,164318,318,0.1939%
132500,132852,352,0.2657%
147000,142066,-4934,-3.3565%
156000,149782,-6218,-3.9859%
175000,175440,440,0.2514%
160000,162654,2654,1.6588%
86000,89935,3935,4.5756%
115000,115508,508,0.4417%
133000,137383,4383,3.2955%
172785,172225,-560,-0.3241%
155000,149843,-5157,-3.3271%
91300,96818,5518,6.0438%
34900,56630,21730,62.2636%
430000,394875,-35125,-8.1686%
184000,172635,-11365,-6.1766%
130000,127146,-2854,-2.1954%
120000,122135,2135,1.7792%
113000,112244,-756,-0.669%
226700,220951,-5749,-2.536%
140000,142714,2714,1.9386%
289000,274558,-14442,-4.9972%
147000,145536,-1464,-0.9959%
124500,127314,2814,2.2602%
215000,215989,989,0.46%
208300,200361,-7939,-3.8113%
161000,155864,-5136,-3.1901%
124500,130541,6041,4.8522%
164900,160816,-4084,-2.4767%
202665,199190,-3475,-1.7147%
129900,128169,-1731,-1.3326%
134000,138609,4609,3.4396%
96500,98370,1870,1.9378%
402861,400395,-2466,-0.6121%
158000,167125,9125,5.7753%
265000,273132,8132,3.0687%
211000,206570,-4430,-2.0995%
234000,222705,-11295,-4.8269%
106250,108743,2493,2.3464%
150000,151352,1352,0.9013%
159000,154504,-4496,-2.8277%
184750,316438,131688,71.279%
315750,307622,-8128,-2.5742%
176000,181577,5577,3.1688%
132000,129772,-2228,-1.6879%
446261,419071,-27190,-6.0928%
86000,86213,213,0.2477%
200624,214565,13941,6.9488%
175000,183915,8915,5.0943%
128000,129705,1705,1.332%
107500,110318,2818,2.6214%
39300,49990,10690,27.201%
178000,183244,5244,2.9461%
107500,113794,6294,5.8549%
188000,191810,3810,2.0266%
111250,118108,6858,6.1645%
158000,152121,-5879,-3.7209%
272000,267656,-4344,-1.5971%
315000,324810,9810,3.1143%
248000,252148,4148,1.6726%
213250,217514,4264,1.9995%
133000,136375,3375,2.5376%
179665,184237,4572,2.5447%
229000,236112,7112,3.1057%
210000,191205,-18795,-8.95%
129500,128459,-1041,-0.8039%
125000,125421,421,0.3368%
263000,250666,-12334,-4.6897%
140000,139395,-605,-0.4321%
112500,113113,613,0.5449%
255500,261013,5513,2.1577%
108000,115899,7899,7.3139%
284000,280006,-3994,-1.4063%
113000,113561,561,0.4965%
141000,141908,908,0.644%
108000,112308,4308,3.9889%
175000,179672,4672,2.6697%
234000,216333,-17667,-7.55%
121500,141500,20000,16.4609%
170000,166887,-3113,-1.8312%
108000,112733,4733,4.3824%
185000,178493,-6507,-3.5173%
268000,259854,-8146,-3.0396%
128000,132049,4049,3.1633%
325000,320113,-4887,-1.5037%
214000,209590,-4410,-2.0607%
316600,300427,-16173,-5.1083%
135960,140050,4090,3.0082%
142600,146352,3752,2.6311%
120000,119979,-21,-0.0175%
224500,223034,-1466,-0.653%
170000,171537,1537,0.9041%
139000,130991,-8009,-5.7619%
118500,117035,-1465,-1.2363%
145000,144652,-348,-0.24%
164500,162374,-2126,-1.2924%
146000,155525,9525,6.524%
131500,134198,2698,2.0517%
181900,177900,-4000,-2.199%
253293,299909,46616,18.404%
118500,122650,4150,3.5021%
325000,318677,-6323,-1.9455%
133000,130151,-2849,-2.1421%
369900,371572,1672,0.452%
130000,123230,-6770,-5.2077%
137000,137164,164,0.1197%
143000,164903,21903,15.3168%
79500,92277,12777,16.0717%
185900,185880,-20,-0.0108%
451950,429541,-22409,-4.9583%
138000,135577,-2423,-1.7558%
140000,140771,771,0.5507%
110000,115319,5319,4.8355%
319000,323758,4758,1.4915%
114504,118674,4170,3.6418%
194201,193532,-669,-0.3445%
217500,204988,-12512,-5.7526%
151000,152118,1118,0.7404%
275000,266464,-8536,-3.104%
141000,135854,-5146,-3.6496%
220000,223872,3872,1.76%
151000,152207,1207,0.7993%
221000,220317,-683,-0.309%
205000,204499,-501,-0.2444%
152000,152229,229,0.1507%
225000,204771,-20229,-8.9907%
359100,326905,-32195,-8.9655%
118500,123249,4749,4.0076%
313000,310173,-2827,-0.9032%
148000,151247,3247,2.1939%
261500,252106,-9394,-3.5924%
147000,138401,-8599,-5.8497%
75500,79653,4153,5.5007%
137500,139225,1725,1.2545%
183200,182620,-580,-0.3166%
105500,109312,3812,3.6133%
314813,314220,-593,-0.1884%
305000,310265,5265,1.7262%
67000,69551,2551,3.8075%
240000,240393,393,0.1638%
135000,135962,962,0.7126%
168500,171922,3422,2.0309%
165150,165201,51,0.0309%
160000,153995,-6005,-3.7531%
139900,141343,1443,1.0315%
153000,154402,1402,0.9163%
135000,155945,20945,15.5148%
168500,162812,-5688,-3.3757%
124000,125734,1734,1.3984%
209500,219585,10085,4.8138%
82500,122323,39823,48.2703%
139400,138502,-898,-0.6442%
144000,144641,641,0.4451%
200000,193098,-6902,-3.451%
60000,68712,8712,14.52%
93000,101970,8970,9.6452%
85000,90652,5652,6.6494%
264561,267616,3055,1.1547%
274000,265948,-8052,-2.9387%
226000,227372,1372,0.6071%
345000,325441,-19559,-5.6693%
152000,155583,3583,2.3572%
370878,350993,-19885,-5.3616%
143250,141637,-1613,-1.126%
98300,104888,6588,6.7019%
155000,151681,-3319,-2.1413%
155000,159557,4557,2.94%
84500,84102,-398,-0.471%
205950,201553,-4397,-2.135%
108000,120429,12429,11.5083%
191000,191766,766,0.401%
135000,133836,-1164,-0.8622%
350000,348391,-1609,-0.4597%
88000,90697,2697,3.0648%
145500,141811,-3689,-2.5354%
149000,151911,2911,1.9537%
97500,112216,14716,15.0933%
167000,166409,-591,-0.3539%
197900,197275,-625,-0.3158%
402000,385025,-16975,-4.2226%
110000,129856,19856,18.0509%
137500,139843,2343,1.704%
423000,405546,-17454,-4.1262%
230500,235858,5358,2.3245%
129000,162398,33398,25.8899%
193500,202775,9275,4.7933%
168000,171347,3347,1.9923%
137500,129666,-7834,-5.6975%
173500,176366,2866,1.6519%
103600,114002,10402,10.0405%
165000,162804,-2196,-1.3309%
257500,245775,-11725,-4.5534%
140000,143642,3642,2.6014%
148500,147709,-791,-0.5327%
87000,105285,18285,21.0172%
109500,109847,347,0.3169%
372500,356529,-15971,-4.2875%
128500,133604,5104,3.972%
143000,135059,-7941,-5.5531%
159434,144621,-14813,-9.291%
173000,177020,4020,2.3237%
285000,290860,5860,2.0561%
221000,215079,-5921,-2.6792%
207500,206113,-1387,-0.6684%
227875,223285,-4590,-2.0143%
148800,153530,4730,3.1788%
392000,330101,-61899,-15.7906%
194700,192233,-2467,-1.2671%
141000,145402,4402,3.122%
755000,678032,-76968,-10.1944%
335000,308158,-26842,-8.0125%
108480,109693,1213,1.1182%
141500,139276,-2224,-1.5717%
176000,174070,-1930,-1.0966%
89000,90436,1436,1.6135%
123500,123450,-50,-0.0405%
138500,135779,-2721,-1.9646%
196000,192589,-3411,-1.7403%
312500,313467,967,0.3094%
140000,146201,6201,4.4293%
361919,344517,-17402,-4.8083%
140000,147550,7550,5.3929%
213000,210666,-2334,-1.0958%
55000,71331,16331,29.6927%
302000,286156,-15844,-5.2464%
254000,239447,-14553,-5.7295%
179540,176855,-2685,-1.4955%
109900,113233,3333,3.0328%
52000,64956,12956,24.9154%
102776,101481,-1295,-1.26%
189000,191766,2766,1.4635%
129000,129428,428,0.3318%
130500,148623,18123,13.8874%
165000,160801,-4199,-2.5448%
159500,175530,16030,10.0502%
157000,157010,10,0.0064%
341000,327164,-13836,-4.0575%
128500,130590,2090,1.6265%
275000,265384,-9616,-3.4967%
143000,143813,813,0.5685%
124500,123197,-1303,-1.0466%
135000,132670,-2330,-1.7259%
320000,322698,2698,0.8431%
120500,121057,557,0.4622%
222000,216838,-5162,-2.3252%
194500,194050,-450,-0.2314%
110000,128967,18967,17.2427%
103000,103627,627,0.6087%
236500,245601,9101,3.8482%
187500,186390,-1110,-0.592%
222500,226688,4188,1.8822%
131400,135129,3729,2.8379%
108000,114853,6853,6.3454%
163000,162939,-61,-0.0374%
93500,93548,48,0.0513%
239900,240465,565,0.2355%
179000,167654,-11346,-6.3385%
190000,196310,6310,3.3211%
132000,130083,-1917,-1.4523%
142000,137569,-4431,-3.1204%
179000,185787,6787,3.7916%
175000,171655,-3345,-1.9114%
180000,191582,11582,6.4344%
299800,302435,2635,0.8789%
236000,232394,-3606,-1.528%
265979,253231,-12748,-4.7929%
260400,249664,-10736,-4.1229%
98000,104021,6021,6.1439%
96500,98351,1851,1.9181%
162000,166983,4983,3.0759%
217000,212987,-4013,-1.8493%
275500,273264,-2236,-0.8116%
156000,149246,-6754,-4.3295%
172500,172754,254,0.1472%
212000,214043,2043,0.9637%
158900,160015,1115,0.7017%
179400,175874,-3526,-1.9654%
290000,297394,7394,2.5497%
127500,126494,-1006,-0.789%
100000,109424,9424,9.424%
215200,209119,-6081,-2.8257%
337000,331843,-5157,-1.5303%
270000,253414,-16586,-6.143%
264132,263739,-393,-0.1488%
196500,195249,-1251,-0.6366%
160000,162752,2752,1.72%
216837,225904,9067,4.1815%
538000,483896,-54104,-10.0565%
134900,134767,-133,-0.0986%
102000,109889,7889,7.7343%
107000,123602,16602,15.5159%
114500,119458,4958,4.3301%
395000,374953,-20047,-5.0752%
162000,163145,1145,0.7068%
221500,228827,7327,3.3079%
142500,142450,-50,-0.0351%
144000,149730,5730,3.9792%
135000,139572,4572,3.3867%
176000,178595,2595,1.4744%
175900,178553,2653,1.5082%
187100,191953,4853,2.5938%
165500,160583,-4917,-2.971%
128000,130213,2213,1.7289%
161500,162190,690,0.4272%
139000,136877,-2123,-1.5273%
233000,231204,-1796,-0.7708%
107900,109896,1996,1.8499%
187500,195094,7594,4.0501%
160200,164372,4172,2.6042%
146800,148239,1439,0.9802%
269790,253136,-16654,-6.1729%
225000,227841,2841,1.2627%
194500,195641,1141,0.5866%
171000,169067,-1933,-1.1304%
143500,146015,2515,1.7526%
110000,110946,946,0.86%
485000,482620,-2380,-0.4907%
175000,165741,-9259,-5.2909%
200000,201741,1741,0.8705%
109900,115026,5126,4.6642%
189000,184212,-4788,-2.5333%
582933,518579,-64354,-11.0397%
118000,123362,5362,4.5441%
227680,221747,-5933,-2.6059%
135500,133248,-2252,-1.662%
223500,210025,-13475,-6.0291%
159950,154804,-5146,-3.2173%
106000,117915,11915,11.2406%
181000,172475,-8525,-4.7099%
144500,145869,1369,0.9474%
55993,73172,17179,30.6806%
157900,154197,-3703,-2.3452%
116000,117996,1996,1.7207%
224900,223017,-1883,-0.8373%
137000,134255,-2745,-2.0036%
271000,277492,6492,2.3956%
155000,148515,-6485,-4.1839%
224000,219192,-4808,-2.1464%
183000,187611,4611,2.5197%
93000,97272,4272,4.5935%
225000,211867,-13133,-5.8369%
139500,138427,-1073,-0.7692%
232600,235434,2834,1.2184%
385000,394108,9108,2.3657%
109500,104939,-4561,-4.1653%
189000,191816,2816,1.4899%
185000,181359,-3641,-1.9681%
147400,150510,3110,2.1099%
166000,163349,-2651,-1.597%
151000,150045,-955,-0.6325%
237000,228957,-8043,-3.3937%
167000,164874,-2126,-1.2731%
139950,140177,227,0.1622%
128000,130983,2983,2.3305%
153500,154321,821,0.5349%
100000,97856,-2144,-2.144%
144000,144220,220,0.1528%
130500,127746,-2754,-2.1103%
140000,140729,729,0.5207%
157500,155860,-1640,-1.0413%
174900,165051,-9849,-5.6312%
141000,137838,-3162,-2.2426%
153900,155193,1293,0.8402%
171000,181768,10768,6.2971%
213000,205282,-7718,-3.6235%
133500,129703,-3797,-2.8442%
240000,228850,-11150,-4.6458%
187000,184451,-2549,-1.3631%
131500,136511,5011,3.8106%
215000,209428,-5572,-2.5916%
164000,162017,-1983,-1.2091%
158000,163451,5451,3.45%
170000,179513,9513,5.5959%
127000,133199,6199,4.8811%
147000,147193,193,0.1313%
174000,172109,-1891,-1.0868%
152000,154405,2405,1.5822%
250000,241137,-8863,-3.5452%
189950,175565,-14385,-7.573%
131500,134614,3114,2.3681%
152000,151816,-184,-0.1211%
132500,137033,4533,3.4211%
250580,229537,-21043,-8.3977%
148500,143679,-4821,-3.2465%
248900,255953,7053,2.8337%
129000,132345,3345,2.593%
169000,174554,5554,3.2864%
236000,232880,-3120,-1.322%
109500,111646,2146,1.9598%
200500,196459,-4041,-2.0155%
116000,116630,630,0.5431%
133000,130269,-2731,-2.0534%
66500,81000,14500,21.8045%
303477,297964,-5513,-1.8166%
132250,133034,784,0.5928%
350000,338326,-11674,-3.3354%
148000,149522,1522,1.0284%
136500,133302,-3198,-2.3429%
157000,156594,-406,-0.2586%
187500,193705,6205,3.3093%
178000,179355,1355,0.7612%
118500,128246,9746,8.2245%
100000,113771,13771,13.771%
328900,308043,-20857,-6.3414%
145000,157333,12333,8.5055%
135500,136267,767,0.5661%
268000,270576,2576,0.9612%
149500,157341,7841,5.2448%
122900,125509,2609,2.1229%
172500,170144,-2356,-1.3658%
154500,146736,-7764,-5.0252%
165000,160163,-4837,-2.9315%
118858,121543,2685,2.259%
140000,151358,11358,8.1129%
106500,105610,-890,-0.8357%
142953,146034,3081,2.1553%
611657,543786,-67871,-11.0963%
135000,135528,528,0.3911%
110000,114291,4291,3.9009%
153000,148519,-4481,-2.9288%
180000,179652,-348,-0.1933%
240000,243565,3565,1.4854%
125500,124639,-861,-0.6861%
128000,129901,1901,1.4852%
255000,260449,5449,2.1369%
250000,229087,-20913,-8.3652%
131000,131614,614,0.4687%
174000,176085,2085,1.1983%
154300,157313,3013,1.9527%
143500,143680,180,0.1254%
88000,99185,11185,12.7102%
145000,149175,4175,2.8793%
173733,170485,-3248,-1.8695%
75000,82362,7362,9.816%
35311,51179,15868,44.9378%
135000,135502,502,0.3719%
238000,246953,8953,3.7618%
176500,174690,-1810,-1.0255%
201000,196687,-4313,-2.1458%
145900,158691,12791,8.767%
169990,172614,2624,1.5436%
193000,196690,3690,1.9119%
207500,205009,-2491,-1.2005%
175000,165901,-9099,-5.1994%
285000,289110,4110,1.4421%
176000,183265,7265,4.1278%
236500,239126,2626,1.1104%
222000,227587,5587,2.5167%
201000,212448,11448,5.6955%
117500,120867,3367,2.8655%
320000,318087,-1913,-0.5978%
190000,198631,8631,4.5426%
242000,239175,-2825,-1.1674%
79900,85931,6031,7.5482%
184900,185445,545,0.2948%
253000,245701,-7299,-2.885%
239799,241458,1659,0.6918%
244400,232157,-12243,-5.0094%
150900,157880,6980,4.6256%
214000,218765,4765,2.2266%
150000,150101,101,0.0673%
143000,148033,5033,3.5196%
137500,146235,8735,6.3527%
124900,135279,10379,8.3098%
143000,142670,-330,-0.2308%
270000,277237,7237,2.6804%
192500,199459,6959,3.6151%
197500,184427,-13073,-6.6192%
129000,129538,538,0.4171%
119900,122197,2297,1.9158%
133900,130544,-3356,-2.5063%
172000,175923,3923,2.2808%
127500,128795,1295,1.0157%
145000,148334,3334,2.2993%
124000,126631,2631,2.1218%
132000,134032,2032,1.5394%
185000,187973,2973,1.607%
155000,161163,6163,3.9761%
116500,117697,1197,1.0275%
272000,265671,-6329,-2.3268%
155000,156207,1207,0.7787%
239000,253852,14852,6.2142%
214900,214569,-331,-0.154%
178900,177805,-1095,-0.6121%
160000,151483,-8517,-5.3231%
135000,135701,701,0.5193%
37900,54111,16211,42.7731%
140000,134714,-5286,-3.7757%
135000,120668,-14332,-10.6163%
173000,170878,-2122,-1.2266%
99500,111385,11885,11.9447%
182000,196116,14116,7.756%
167500,173658,6158,3.6764%
165000,167167,2167,1.3133%
85500,86546,1046,1.2234%
199900,199836,-64,-0.032%
110000,114183,4183,3.8027%
139000,140939,1939,1.395%
178400,173139,-5261,-2.949%
336000,328844,-7156,-2.1298%
159895,169613,9718,6.0777%
255900,260556,4656,1.8195%
126000,127789,1789,1.4198%
125000,128519,3519,2.8152%
117000,122184,5184,4.4308%
395192,386303,-8889,-2.2493%
195000,193920,-1080,-0.5538%
197000,194841,-2159,-1.0959%
348000,330697,-17303,-4.9721%
168000,179650,11650,6.9345%
187000,186271,-729,-0.3898%
173900,176376,2476,1.4238%
337500,329668,-7832,-2.3206%
121600,118642,-2958,-2.4326%
136500,135809,-691,-0.5062%
185000,180153,-4847,-2.62%
91000,98277,7277,7.9967%
206000,199395,-6605,-3.2063%
82000,89495,7495,9.1402%
86000,87568,1568,1.8233%
232000,237550,5550,2.3922%
136905,144189,7284,5.3205%
181000,186041,5041,2.7851%
149900,144585,-5315,-3.5457%
163500,173890,10390,6.3547%
88000,88513,513,0.583%
240000,237303,-2697,-1.1238%
102000,108907,6907,6.7716%
135000,133814,-1186,-0.8785%
100000,109478,9478,9.478%
165000,156613,-8387,-5.083%
85000,95628,10628,12.5035%
119200,123361,4161,3.4908%
227000,218636,-8364,-3.6846%
203000,206590,3590,1.7685%
187500,189656,2156,1.1499%
160000,165348,5348,3.3425%
213490,203764,-9726,-4.5557%
176000,167348,-8652,-4.9159%
194000,193436,-564,-0.2907%
87000,97094,10094,11.6023%
191000,191474,474,0.2482%
287000,288119,1119,0.3899%
112500,119633,7133,6.3404%
167500,160186,-7314,-4.3666%
293077,302298,9221,3.1463%
105000,117877,12877,12.2638%
118000,115569,-2431,-2.0602%
160000,153057,-6943,-4.3394%
197000,209108,12108,6.1462%
310000,308088,-1912,-0.6168%
230000,236053,6053,2.6317%
119750,117490,-2260,-1.8873%
84000,90415,6415,7.6369%
315500,307825,-7675,-2.4326%
287000,274292,-12708,-4.4279%
97000,101378,4378,4.5134%
80000,82838,2838,3.5475%
155000,166144,11144,7.1897%
173000,171229,-1771,-1.0237%
196000,195935,-65,-0.0332%
262280,262297,17,0.0065%
278000,275980,-2020,-0.7266%
139600,144507,4907,3.515%
556581,496341,-60240,-10.8232%
145000,145298,298,0.2055%
115000,134042,19042,16.5583%
84900,93024,8124,9.5689%
176485,182011,5526,3.1311%
200141,192805,-7336,-3.6654%
165000,171022,6022,3.6497%
144500,148697,4197,2.9045%
255000,255604,604,0.2369%
180000,173198,-6802,-3.7789%
185850,194450,8600,4.6274%
248000,232180,-15820,-6.379%
335000,329216,-5784,-1.7266%
220000,205457,-14543,-6.6105%
213500,205175,-8325,-3.8993%
81000,96668,15668,19.3432%
90000,110496,20496,22.7733%
110500,118392,7892,7.1421%
154000,154231,231,0.15%
328000,295474,-32526,-9.9165%
178000,176714,-1286,-0.7225%
167900,166784,-1116,-0.6647%
151400,165622,14222,9.3937%
135000,129025,-5975,-4.4259%
135000,134265,-735,-0.5444%
154000,157203,3203,2.0799%
91500,104264,12764,13.9497%
159500,158129,-1371,-0.8596%
194000,196653,2653,1.3675%
219500,203191,-16309,-7.4301%
170000,165356,-4644,-2.7318%
138800,138361,-439,-0.3163%
155900,149994,-5906,-3.7883%
126000,129240,3240,2.5714%
145000,153128,8128,5.6055%
133000,132024,-976,-0.7338%
192000,194514,2514,1.3094%
160000,157215,-2785,-1.7406%
187500,184168,-3332,-1.7771%
147000,146143,-857,-0.583%
83500,89938,6438,7.7102%
252000,257021,5021,1.9925%
137500,136375,-1125,-0.8182%
197000,199831,2831,1.4371%
92900,94208,1308,1.408%
160000,160408,408,0.255%
136500,145936,9436,6.9128%
146000,149273,3273,2.2418%
129000,126660,-2340,-1.814%
176432,178845,2413,1.3677%
127000,123178,-3822,-3.0094%
170000,167265,-2735,-1.6088%
128000,120722,-7278,-5.6859%
157000,165766,8766,5.5834%
60000,65175,5175,8.625%
119500,122237,2737,2.2904%
135000,134454,-546,-0.4044%
159500,152004,-7496,-4.6997%
106000,112229,6229,5.8764%
325000,320251,-4749,-1.4612%
179900,188575,8675,4.8221%
274725,260616,-14109,-5.1357%
181000,180771,-229,-0.1265%
280000,287894,7894,2.8193%
188000,188611,611,0.325%
205000,198763,-6237,-3.0424%
129900,126512,-3388,-2.6082%
134500,131980,-2520,-1.8736%
117000,119849,2849,2.435%
318000,312499,-5501,-1.7299%
184100,187168,3068,1.6665%
130000,132673,2673,2.0562%
140000,139277,-723,-0.5164%
133700,130894,-2806,-2.0987%
118400,115480,-2920,-2.4662%
212900,220332,7432,3.4908%
112000,107363,-4637,-4.1402%
118000,111495,-6505,-5.5127%
163900,168603,4703,2.8694%
115000,117924,2924,2.5426%
174000,186138,12138,6.9759%
259000,254695,-4305,-1.6622%
215000,211487,-3513,-1.634%
140000,136719,-3281,-2.3436%
135000,147617,12617,9.3459%
93500,103663,10163,10.8695%
117500,126179,8679,7.3864%
239500,236154,-3346,-1.3971%
169000,176165,7165,4.2396%
102000,105984,3984,3.9059%
119000,121658,2658,2.2336%
94000,97066,3066,3.2617%
196000,198522,2522,1.2867%
144000,141970,-2030,-1.4097%
139000,132634,-6366,-4.5799%
197500,191219,-6281,-3.1803%
424870,403548,-21322,-5.0185%
80000,91575,11575,14.4688%
80000,89836,9836,12.295%
149000,141584,-7416,-4.9772%
180000,178858,-1142,-0.6344%
174500,171157,-3343,-1.9158%
116900,117498,598,0.5115%
143000,143347,347,0.2427%
124000,120446,-3554,-2.8661%
149900,155407,5507,3.6738%
230000,212530,-17470,-7.5957%
120500,120396,-104,-0.0863%
201800,201676,-124,-0.0614%
218000,205616,-12384,-5.6807%
179900,172685,-7215,-4.0106%
230000,219993,-10007,-4.3509%
235128,243068,7940,3.3769%
185000,184267,-733,-0.3962%
146000,147555,1555,1.0651%
224000,215371,-8629,-3.8522%
129000,129704,704,0.5457%
108959,123801,14842,13.6216%
194000,187859,-6141,-3.1655%
233170,232876,-294,-0.1261%
245350,249903,4553,1.8557%
173000,181736,8736,5.0497%
235000,221887,-13113,-5.58%
625000,581110,-43890,-7.0224%
171000,158037,-12963,-7.5807%
163000,160045,-2955,-1.8129%
171900,169453,-2447,-1.4235%
200500,204400,3900,1.9451%
239000,228193,-10807,-4.5218%
285000,286382,1382,0.4849%
119500,124833,5333,4.4628%
115000,117550,2550,2.2174%
154900,141547,-13353,-8.6204%
93000,101318,8318,8.9441%
250000,254613,4613,1.8452%
392500,347244,-45256,-11.5302%
745000,642450,-102550,-13.7651%
120000,127126,7126,5.9383%
186700,194226,7526,4.0311%
104900,113537,8637,8.2336%
95000,112191,17191,18.0958%
262000,267699,5699,2.1752%
195000,190867,-4133,-2.1195%
189000,192220,3220,1.7037%
168000,178407,10407,6.1946%
174000,177902,3902,2.2425%
125000,127090,2090,1.672%
165000,167483,2483,1.5048%
158000,150920,-7080,-4.481%
176000,175028,-972,-0.5523%
219210,224507,5297,2.4164%
144000,148296,4296,2.9833%
178000,181077,3077,1.7287%
148000,150431,2431,1.6426%
116050,114641,-1409,-1.2141%
197900,201971,4071,2.0571%
117000,120079,3079,2.6316%
213000,213790,790,0.3709%
153500,148748,-4752,-3.0958%
271900,279120,7220,2.6554%
107000,113877,6877,6.4271%
200000,204664,4664,2.332%
140000,141669,1669,1.1921%
290000,287820,-2180,-0.7517%
189000,193810,4810,2.545%
164000,181071,17071,10.4091%
113000,103105,-9895,-8.7566%
145000,135532,-9468,-6.5297%
134500,133912,-588,-0.4372%
125000,121284,-3716,-2.9728%
112000,122679,10679,9.5348%
229456,232361,2905,1.266%
80500,80050,-450,-0.559%
91500,96762,5262,5.7508%
115000,116358,1358,1.1809%
134000,131996,-2004,-1.4955%
143000,147686,4686,3.2769%
137900,156858,18958,13.7476%
184000,186133,2133,1.1592%
145000,139769,-5231,-3.6076%
214000,220293,6293,2.9407%
147000,144565,-2435,-1.6565%
367294,358362,-8932,-2.4318%
127000,134693,7693,6.0575%
190000,196023,6023,3.17%
132500,137627,5127,3.8694%
101800,105207,3407,3.3468%
142000,142103,103,0.0725%
130000,131156,1156,0.8892%
138887,141609,2722,1.9599%
175500,172543,-2957,-1.6849%
195000,203457,8457,4.3369%
142500,146596,4096,2.8744%
265900,249287,-16613,-6.2478%
224900,217832,-7068,-3.1427%
248328,246145,-2183,-0.8791%
170000,168833,-1167,-0.6865%
465000,435509,-29491,-6.3422%
230000,209405,-20595,-8.9543%
178000,183562,5562,3.1247%
186500,188324,1824,0.978%
169900,163536,-6364,-3.7457%
129500,140621,11121,8.5876%
119000,120611,1611,1.3538%
244000,238454,-5546,-2.273%
171750,182859,11109,6.4681%
130000,125804,-4196,-3.2277%
294000,271475,-22525,-7.6616%
165400,176026,10626,6.4244%
127500,127541,41,0.0322%
301500,311135,9635,3.1957%
99900,99346,-554,-0.5546%
190000,184879,-5121,-2.6953%
151000,148923,-2077,-1.3755%
181000,184698,3698,2.0431%
128900,130473,1573,1.2203%
161500,157579,-3921,-2.4279%
180500,172335,-8165,-4.5235%
181000,181737,737,0.4072%
183900,177645,-6255,-3.4013%
122000,134526,12526,10.2672%
378500,370064,-8436,-2.2288%
381000,364599,-16401,-4.3047%
144000,142402,-1598,-1.1097%
260000,239510,-20490,-7.8808%
185750,178434,-7316,-3.9386%
137000,133330,-3670,-2.6788%
177000,170200,-6800,-3.8418%
139000,138916,-84,-0.0604%
137000,140089,3089,2.2547%
162000,162312,312,0.1926%
197900,192024,-5876,-2.9692%
237000,239505,2505,1.057%
68400,77660,9260,13.538%
227000,220415,-6585,-2.9009%
180000,186442,6442,3.5789%
150500,148237,-2263,-1.5037%
139000,142256,3256,2.3424%
169000,172085,3085,1.8254%
132500,128244,-4256,-3.2121%
143000,151724,8724,6.1007%
190000,187536,-2464,-1.2968%
278000,268929,-9071,-3.2629%
281000,278054,-2946,-1.0484%
180500,169782,-10718,-5.938%
119500,116983,-2517,-2.1063%
107500,118487,10987,10.2205%
162900,170869,7969,4.892%
115000,119945,4945,4.3%
138500,138005,-495,-0.3574%
155000,150425,-4575,-2.9516%
140000,145901,5901,4.215%
160000,257125,97125,60.7031%
154000,150231,-3769,-2.4474%
225000,223668,-1332,-0.592%
177500,168422,-9078,-5.1144%
290000,296256,6256,2.1572%
232000,230555,-1445,-0.6228%
130000,135450,5450,4.1923%
325000,318456,-6544,-2.0135%
202500,199396,-3104,-1.5328%
138000,140999,2999,2.1732%
147000,142180,-4820,-3.2789%
179200,181120,1920,1.0714%
335000,308564,-26436,-7.8913%
203000,201042,-1958,-0.9645%
302000,301436,-564,-0.1868%
333168,332308,-860,-0.2581%
119000,121550,2550,2.1429%
206900,201443,-5457,-2.6375%
295493,284427,-11066,-3.7449%
208900,200983,-7917,-3.7899%
275000,274677,-323,-0.1175%
111000,114800,3800,3.4234%
156500,157964,1464,0.9355%
72500,79458,6958,9.5972%
190000,201313,11313,5.9542%
82500,83825,1325,1.6061%
147000,207732,60732,41.3143%
55000,67158,12158,22.1055%
79000,84320,5320,6.7342%
130500,128175,-2325,-1.7816%
256000,235907,-20093,-7.8488%
176500,180392,3892,2.2051%
227000,238002,11002,4.8467%
132500,133637,1137,0.8581%
100000,107070,7070,7.07%
125500,123342,-2158,-1.7195%
125000,126566,1566,1.2528%
167900,166581,-1319,-0.7856%
135000,143822,8822,6.5348%
52500,63737,11237,21.4038%
200000,208507,8507,4.2535%
128500,125770,-2730,-2.1245%
123000,121407,-1593,-1.2951%
155000,156708,1708,1.1019%
228500,237998,9498,4.1567%
177000,171554,-5446,-3.0768%
155835,167192,11357,7.2878%
108500,104724,-3776,-3.4802%
262500,256161,-6339,-2.4149%
283463,285280,1817,0.641%
215000,224697,9697,4.5102%
122000,144364,22364,18.3311%
200000,199277,-723,-0.3615%
171000,171212,212,0.124%
134900,129606,-5294,-3.9244%
410000,392763,-17237,-4.2041%
235000,238935,3935,1.6745%
170000,178868,8868,5.2165%
110000,115937,5937,5.3973%
149900,151371,1471,0.9813%
177500,176342,-1158,-0.6524%
315000,332780,17780,5.6444%
189000,189192,192,0.1016%
260000,248546,-11454,-4.4054%
104900,120816,15916,15.1725%
156932,164161,7229,4.6065%
144152,146894,2742,1.9022%
216000,211906,-4094,-1.8954%
193000,202378,9378,4.8591%
127000,130403,3403,2.6795%
144000,142556,-1444,-1.0028%
232000,239736,7736,3.3345%
105000,109499,4499,4.2848%
165500,163912,-1588,-0.9595%
274300,264607,-9693,-3.5337%
466500,435252,-31248,-6.6984%
250000,252211,2211,0.8844%
239000,244971,5971,2.4983%
91000,95978,4978,5.4703%
117000,130932,13932,11.9077%
83000,89978,6978,8.4072%
167500,165770,-1730,-1.0328%
58500,69508,11008,18.8171%
237500,227223,-10277,-4.3272%
157000,154615,-2385,-1.5191%
112000,129348,17348,15.4893%
105000,106926,1926,1.8343%
125500,121675,-3825,-3.0478%
250000,249423,-577,-0.2308%
136000,149102,13102,9.6338%
377500,359112,-18388,-4.871%
131000,128767,-2233,-1.7046%
235000,232612,-2388,-1.0162%
124000,133303,9303,7.5024%
123000,126687,3687,2.9976%
163000,160963,-2037,-1.2497%
246578,237854,-8724,-3.538%
281213,288404,7191,2.5571%
160000,164023,4023,2.5144%
137500,135093,-2407,-1.7505%
138000,143089,5089,3.6877%
137450,142421,4971,3.6166%
120000,118532,-1468,-1.2233%
193000,190000,-3000,-1.5544%
193879,193405,-474,-0.2445%
282922,273085,-9837,-3.4769%
105000,108473,3473,3.3076%
275000,272575,-2425,-0.8818%
133000,132277,-723,-0.5436%
112000,116935,4935,4.4062%
125500,120306,-5194,-4.1386%
215000,215042,42,0.0195%
230000,224031,-5969,-2.5952%
140000,142086,2086,1.49%
90000,94186,4186,4.6511%
257000,268614,11614,4.5191%
207000,196261,-10739,-5.1879%
175900,192441,16541,9.4036%
122500,127807,5307,4.3322%
340000,331748,-8252,-2.4271%
124000,130797,6797,5.4815%
223000,218088,-4912,-2.2027%
179900,175857,-4043,-2.2474%
127500,133108,5608,4.3984%
136500,138431,1931,1.4147%
274970,245754,-29216,-10.6252%
144000,146447,2447,1.6993%
142000,146557,4557,3.2092%
271000,262997,-8003,-2.9531%
140000,140342,342,0.2443%
119000,118213,-787,-0.6613%
182900,182317,-583,-0.3188%
192140,192446,306,0.1593%
143750,142469,-1281,-0.8911%
64500,82187,17687,27.4217%
186500,190577,4077,2.1861%
160000,162600,2600,1.625%
174000,173409,-591,-0.3397%
120500,121675,1175,0.9751%
394617,379807,-14810,-3.753%
149700,147656,-2044,-1.3654%
197000,190411,-6589,-3.3447%
191000,195244,4244,2.222%
149300,145402,-3898,-2.6109%
310000,311218,1218,0.3929%
121000,117595,-3405,-2.814%
179600,189160,9560,5.3229%
129000,126662,-2338,-1.8124%
157900,153131,-4769,-3.0203%
240000,247255,7255,3.0229%
112000,116242,4242,3.7875%
92000,89985,-2015,-2.1902%
136000,138267,2267,1.6669%
287090,271840,-15250,-5.3119%
145000,143551,-1449,-0.9993%
84500,105283,20783,24.5953%
185000,185350,350,0.1892%
175000,177224,2224,1.2709%
210000,210925,925,0.4405%
266500,246403,-20097,-7.5411%
142125,138051,-4074,-2.8665%
147500,147404,-96,-0.0651%
